n_attachment_R =     39.55307118074258
n_capacity_BearingAA_R =     18.65889639992413
n_stress_BearingCasingScrew_R =     24919.09945082686
n_bottomBracket_R =     2.473706509901833
n_stress_thigh_R =     8.362941396436753
n_foamTH_R =     49.44547350456789
n_shear_kneePin_R =     4.056587356390469
n_bending_ratchet_R =     3.878556457843692
n_stress_ubar_R =     2.276484784502596
n_bolt_Abolt_R =     2.086389525669935
nmin_shank_R =     28.40399609671744
n_GasSpringBolt1_R =-1.804182401836183e+17
n_stress =     64.76263592540833
n_stress_ShaftAA_R =     18.08480252855512
n_stress_keys_R =     10.12460380726822
n_stress_HipMember2_R =     128.6182883990384
n_stress_hipStopper_R =     224434986.7787063
n_shear_hipStopper_R =     20949583.54023494
n_yield_Pawl_R =      17.0007051435902
n_shear_pawlPin_R =     2.538981517375333
n_stress_PlungerEF_R =     40.33896429089029
n_stress_PlungerScrew_R =      3.91955133675031
n_capacity_hipBearingEF_R =     4.317565036896305
n_shear_hipSpring_R =      2.63305788507496
n_stress_shelf =     2.038257743933404
n_thighScrew =     88.99548484287645
n_shankScrew =     39.30700100476122
n_stress_Bracket1_R =-9.701591652873056e+16
n_DE_Cboot_R =     2.046192135100353
n_fatigue_thigh_R =     16.52511071618502
n_fatigue_n_fatigue_Shank_R =     19.72837201777131
n_fatigue_n_fatigue_Shank_R =     19.72837201777131
n_MG_hipMember2_R =     41.23872553139575
n_fatigue_hipStopper_R =     73468811.40660882
n_fatigue_Pawl_R =     6.074216703273612
n_fatigue_PlungerEF_R =     308.7727783594941
n_fatigue_ratchet_R =       2.0028567793788
n_fatigue_ShaftAA_R =     2.887224146821055
n_fatigue_shelf =     8956.406526000712
n_MG_cboot_R =     173.9968468200154
